# id	left	top	right	bottom	texture_id
[SPRITES]
#---------RED-------------

#WALKING LEFT
41001	96	50	111	77	11
41002	112	50	127	77	11

#WALKING RIGHT
41003	1266	50	1281	77	11
41004	1250	50	1265	77	11

#SHELL-IDLING
41005	128	48	143	63	11

#SHELL-ROLLING
41006	144	48	159	63	11
41007	160	48	175	63	11
41008	176	48	191	63	11

#WAKING
41009	128	64	143	79	11

#----------GREEN-----------
#WALKING LEFT NORMAL
41010	31	117	46	144	12
41011	50	117	65	144	12

#WALKING RIGHT NORMAL
41012	601	117	616	144	12
41013	582	117	597	144	12

#SHELL ILDING 
41014	32	149	47	164	12

#SHELL ROLLING
41015	48	48	63	63	11
41016	65	48	78	63	11
41017	79	48	95	63	11

#WAKING
41018	32	64	47	79	11

#BOUNCING LEFT
41019	126	128	141	155	12	
41020	147	128	162	155	12
41021	105	128	120	155	12

#BOUNCING RIGHT
41022	485	128	500	155	12
41023	506	128	521	155	12
41024	527	128	542	155	12

# ani_id	sprite1_id	time1	sprite2_id	time2	...
[ANIMATIONS]
#---------------RED-------------
#WALKING LEFT
6000	41001	100	41002	100
#WALKING RIGHT
6001	41003	100	41004	100
#SHELL IDLING
6002	41005	100
#SHELL ROLLING
6003	41006	100	41007	100	41008	100
#SHELL WAKING
6004	41009	20	41005	20
#-------------GREEN---------------
#WALKING LEFT
6005	41010	100	41011	100
#WALKING RIGHT
6006	41012	100	41013	100
#SHELL IDLING
6007	41014	100
#SHELL ROLLING
6008	41015	100	41016	100	41017	100
#SHELL WAKING
6009	41018	20	41014	20
#BOUNCING LEFT
6010	41019	50	41020	50	41021	100
#BOUNCING RIGHT
6011	41022	50	41023	50	41024	100
